# MY_ACCOUNT_ID=0.0.5917655
REACT_APP_MY_ACCOUNT_ID=0.0.6420147
REACT_APP_MY_PRIVATE_KEY=0x8c276be2089df7c27213a82cf7022b50b2a148125266d89f967427d673aed659